178,13
1.5186125409891542,-0.562249798328623,0.23205254099473993,-1.1695931750229027,1.9139052175708111,0.8089973946320399,1.0348189581307379,-0.6595631143050651,1.2248839840604513,0.2517168498188532,0.3621772757786129,1.8479195665066535,1.013008926747691
0.24628962701506343,-0.4994133781369049,-0.827996323266203,-2.4908471410952195,0.018145020611759512,0.5686476623890727,0.7336289414294712,-0.8207192355765842,-0.5447209874470079,-0.2933213287130479,0.40605066293567893,1.1134493025258236,0.9652415206686006
0.19687902841412896,0.0212312463087589,1.1093343596934504,-0.2687381981554134,0.08835836123987253,0.8089973946320399,1.215532968151498,-0.4984069930335465,2.135967731767262,0.2690196491373263,0.31830388862154685,0.7885874549958412,1.3951481753804142
1.6915496360924271,-0.3468106433855897,0.48792640478186344,-0.8092511842759068,0.9309184487772288,2.4914455203328116,1.4665246487358865,-0.9818753568481032,1.032154729737857,1.1860680130163983,-0.42754369304857526,1.1840714432932113,2.3345738282691917
0.29570022561600007,0.2276937697958325,1.840402541942377,0.4519457833385771,1.2819851519177938,0.8089973946320399,0.6633512708658426,0.2267955526882888,0.4014044428639109,-0.3192755276907573,0.3621772757786129,0.4496011793123816,-0.03787400699229762
1.4815545920384512,-0.5173666410488243,0.3051593592196326,-1.2897071719385678,0.8607051081491157,1.5620932223266712,1.366127976502131,-0.1760947504905084,0.6642170623947216,0.7318695309064807,0.40605066293567893,0.3366057540845615,2.239039016111011
1.7162549353928964,-0.4186236950332673,0.3051593592196326,-1.4698781673120656,-0.2627083419006926,0.32829793014610553,0.4926769280684583,-0.4984069930335465,0.6817379036967756,0.08301455646374108,0.27443050146448084,1.3676890092884186,1.7295200179340469
1.3086174969351785,-0.16727801426639524,0.8900139050187723,-0.5690231904445763,1.492625173802133,0.4885310849747506,0.4826372608450825,-0.41782893239778696,-0.5972835113531701,-0.003499440128624266,0.44992405009274494,1.3676890092884186,1.745442486627077
2.2597715200031865,-0.6250862185203412,-0.7183360959288647,-1.6500491626855631,-0.19249500127257954,0.8089973946320399,0.9545016203437334,-0.5789850536693061,0.6817379036967756,0.06138605731564984,0.5376708244068771,0.3366057540845615,0.9493190519755705
1.0615645039304995,-0.8854085307431729,-0.35280200480440144,-1.0494791781072375,-0.12228166064446654,1.097417073323601,1.1251759631411176,-1.143031478119622,0.45396696677007314,0.9351774228985389,0.2305571143074148,1.3253157248279859,0.9493190519755705
1.3580280955361128,-0.15830138281043532,-0.24314177746706322,-0.44890919352891157,0.36921172375232464,1.0493471268750079,1.2958503059385018,-1.143031478119622,1.3825715557789375,0.29929954794465424,1.2835184060769986,0.7885874549958412,2.4301086404273726
1.38273339483658,-0.7687123218156966,-0.17003495924217055,-0.8092511842759068,-0.3329216825288056,-0.15240153433982884,0.4023199230580785,-0.8207192355765842,-0.03661658968744038,-0.025127939276715507,0.9325313088204704,0.2942324696241287,1.6976750805479865
0.9256853577779276,-0.5442965354167035,0.15894572276984725,-1.0494791781072375,-0.7542017262974837,0.4885310849747506,0.7336289414294712,-0.5789850536693061,0.38388360156185686,0.23441405050038017,0.8447845345063383,0.40722789485194877,1.8250548300922276
2.1609503228013156,-0.5442965354167035,0.08583890454495459,-2.4307901426373864,-0.6137750450412577,1.2896968591179752,1.6673179932033972,0.5491077952313265,2.135967731767262,0.1479000539080152,1.2835184060769986,0.1671126162428314,1.2836908945292032
1.703902285742663,-0.4186236950332673,0.049285495432507445,-2.250619147263889,0.15857170186798555,1.6101631687752644,1.6171196570865196,-0.5789850536693061,2.3987803512980728,1.0562970181278504,1.0641514702916686,0.5484721763867239,2.5479349087557956
0.777453561975122,-0.4724834837690257,1.21899458703079,-0.6891371873602421,0.8607051081491157,0.8891139720463628,0.8842239497801048,-0.4984069930335465,-0.22934584401003513,0.969783021535485,1.4151385675481967,0.3789790385449937,1.7932098927061675
1.6050810885407918,-0.3737405377534689,1.2921014052556827,0.1516607910494142,1.4224118331740199,0.8089973946320399,1.1151362959177422,-0.25667281112626794,0.6642170623947216,0.4939560402774762,0.493797437249811,0.05411719101501135,1.6976750805479865
1.0245065549797987,-0.687922638712059,0.9265673141312194,0.1516607910494142,1.0713451300334549,1.0493471268750079,1.3761676437255064,0.30737361332404833,0.22619602984337026,0.6669840334622065,0.7570377601922063,-0.05887823421280872,1.2200010197570827
1.4692019423882177,-0.6699693758001396,0.41481958655697077,-0.8993366819626559,0.5798517456366636,1.6101631687752644,1.9082700065644105,-0.33725087176202745,0.4714878080721272,1.5753809976820417,1.1957716317628666,0.2942324696241287,2.971472575990397
0.7898062116253557,0.6855019740497786,0.7072468594565414,-1.2897071719385678,1.1415584706615678,0.6487642398033956,1.004699956460611,-1.5459217812984192,0.12107098203104584,0.018129059019466976,0.011190178522084612,1.0569515899119135,0.31242030425436523
1.3086174969351785,-0.6340628499763009,-0.3162485956919559,-1.0494791781072375,1.843691876942698,1.12946370428933,1.1452552975878687,-0.9818753568481032,0.8919879993214244,0.2560425496484718,0.5815442115639431,1.551306575283626,0.10542821124497355
-0.08723191354125075,1.313866175966959,1.0362275414685576,-0.2687381981554134,0.15857170186798555,0.18408809080032537,0.38224058861132737,-0.9012972962123437,0.6817379036967756,-0.24141293075762868,0.31830388862154685,1.2829424403675536,0.07358327385891329
0.8762747591769932,-0.4276003264892271,-0.023821322792385226,-0.8693081827337392,0.08835836123987253,0.5045544004576148,0.8541049481099778,-0.7401411749408247,0.17363350593720803,-0.5442119188309072,0.6692909858780751,1.9609149917344735,0.9174741145895102
-0.18605311074312186,-0.6609927443441799,0.5610332230067561,-0.508966191986744,-0.3329216825288056,0.29625129918037657,0.3420819197178252,-0.8207192355765842,-0.22934584401003513,-0.4879778210458696,0.5815442115639431,1.438311150055806,0.8537842398173897
0.6168691165220807,-0.4724834837690257,0.8900139050187723,0.1516607910494142,-0.2627083419006926,0.3763678765946987,0.5830339330788381,-0.6595631143050651,0.12107098203104584,-0.6653315140602185,0.7131643730351411,1.7066752849718783,0.31242030425436523
0.06099988226155702,-0.25704432882599254,3.119771860877998,1.6530857524952287,1.703265195686472,0.5366010314233437,0.6533116036424672,0.8714200377743642,0.5766128558844512,-0.639377315082509,0.7570377601922063,0.830960739456274,0.2646528981752749
0.4809899703695087,-0.5083900095928646,0.9265673141312194,-1.0194506788783206,-0.47334836378503165,0.8891139720463628,0.9143429514502311,-0.1760947504905084,-0.2468666853120892,-0.11164193586908086,-0.16430337010617904,0.859209595763229,1.4269931127664743
0.36981612351740395,-0.5532731668726633,-0.827996323266203,-0.7491941858180745,-0.4031350231569186,0.16806477531746053,0.16136790969706516,-0.7401411749408247,-0.42207509833262946,-0.4793264213866331,0.27443050146448084,0.22361032885674145,1.7135975492410167
1.0739171535807333,-0.39169380066538834,1.584528678155252,-0.028510204324083955,0.5096384050085506,1.0493471268750079,0.9444619531203581,0.06563943141676974,0.2962793950515865,-0.24141293075762868,1.2835184060769986,1.1134493025258236,0.535334865956787
1.2592068983342417,-0.5891796926965022,-0.5721224594790795,-1.0494791781072375,-0.2627083419006926,0.5686476623890727,0.301923250824323,-0.8207192355765842,0.6817379036967756,-0.15489893416526335,0.3621772757786129,1.381813437441896,0.9174741145895102
0.9009800584774604,-0.7507590589037771,1.21899458703079,0.9023732717723214,0.08835836123987253,1.12946370428933,1.2255726353748733,-0.5789850536693061,1.3825715557789375,0.277671048796563,1.0202780831346026,0.1388637599358764,1.7135975492410167
0.7156903137239518,-0.6071329556084216,-0.023821322792385226,-0.11859570201083197,0.43942506438043766,0.905137287529227,1.1653346320346198,-1.143031478119622,0.6291753797906134,0.7967550283507547,0.5815442115639431,0.3789790385449937,2.446031109120403
0.8392168102262901,-0.45453022085710626,-0.023821322792385226,-0.6891371873602421,0.2989983831242116,0.20011140628318952,0.6633512708658426,0.46852973459556696,0.6642170623947216,-0.5269091195124341,1.1957716317628666,0.3648546103915165,0.774171896352239
0.9380380074281612,-0.723829164535898,1.21899458703079,0.0015182949048327598,2.264971920711376,1.0493471268750079,0.7135496069827205,1.1131542196816426,-0.42207509833262946,0.1479000539080152,1.2835184060769986,0.5484721763867239,1.5543728623107154
0.6292217661723143,-0.48146011522498544,1.0362275414685576,-0.14862420123974868,0.7202784268928897,0.08794819790313836,0.5027165952918337,-0.5789850536693061,-0.08917911359360259,-0.3711839256461765,0.6254175987210091,0.3648546103915165,1.1085437389058719
0.5921638172216134,-0.4724834837690257,0.15894572276984725,0.30180328719399563,0.018145020611759512,0.6487642398033956,0.9545016203437334,-0.8207192355765842,0.4714878080721272,0.018129059019466976,0.3621772757786129,1.2123202996001665,0.5512573346498172
0.34511082421693456,-0.6250862185203412,1.7307423146050371,-1.1996216742518189,0.7202784268928897,0.4885310849747506,0.6533116036424672,-0.1760947504905084,-0.4045542570305754,-0.1981559324614462,0.5815442115639431,0.23773475701021865,0.42387758510557616
0.06099988226155702,-0.6161095870643815,0.6706934503440943,-0.44890919352891157,-0.12228166064446654,0.2481813527317834,0.4023199230580785,-0.5789850536693061,-0.2643875266141433,-0.3495554264980853,0.7131643730351411,-0.14362480313367376,1.140388676291932
0.08570518156202425,-0.7507590589037771,-0.9742099597159882,-1.1996216742518189,-0.12228166064446654,0.16806477531746053,0.6131529347489649,-0.6595631143050651,-0.38703341572852135,-0.5874689171270897,0.9764046959775364,0.11061490362892139,0.8697067085104199
1.5062598913389207,1.4844221736301941,0.524479813894309,-1.8902771565168937,1.984118558198924,1.12946370428933,1.0147396236839867,-1.304187599391141,0.8569463167173162,0.018129059019466976,-0.29592353157737716,1.297066868521031,0.04173833647285303
0.6909850144234846,-0.562249798328623,-0.20658836835461608,-0.9894221796494049,1.211771811289681,1.3698134365322971,1.2657313042683753,-0.1760947504905084,1.3124881905707213,0.46367614147014824,-0.03268320863498142,1.0852004462188685,0.15319561732406395
0.5056952696699759,1.349772701790798,-0.9011031414910956,-0.20868119969758106,-0.6839883856693707,0.2481813527317834,0.6533116036424672,-0.7401411749408247,-0.194304161405927,-0.3365783270092304,-0.20817675726324508,0.5484721763867239,0.9174741145895102
1.086269803230969,-0.40067043212134806,0.8169070867938797,-1.3497641703964003,0.08835836123987253,1.5300465913609422,1.5368023192995153,-1.5459217812984192,0.1911543472392621,0.1608771533968697,-0.3397969187344432,1.3394401529814637,1.1085437389058719
0.29570022561600007,1.475445542174234,-0.27969518657950876,-0.599051689673493,0.22878504249609857,0.5526243469062087,0.6031132675255891,-0.33725087176202745,0.12107098203104584,-0.3019727283722842,-0.6030372416768394,0.5484721763867239,-0.21302116261562906
0.06099988226155702,-0.5083900095928646,-0.9742099597159882,-0.7491941858180745,0.5096384050085506,1.12946370428933,0.9745809547904846,-0.6595631143050651,0.7693421102070456,-0.007825139958242437,-0.3397969187344432,1.0428271617584364,0.4398000537986063
1.4939072416886872,1.5293053309099924,0.26860595010718546,-0.1786527004686654,0.7904917675210027,0.8891139720463628,0.6231926019723403,-0.4984069930335465,-0.5972835113531701,0.07868885663412291,-0.38367030589150924,1.0145783054514812,1.0607763328267814
1.703902285742663,1.1253569153918048,-0.3162485956919559,-1.0494791781072375,0.15857170186798555,1.5300465913609422,1.1452552975878687,-0.7401411749408247,1.0496755710399106,-0.06838493757289799,0.3621772757786129,1.1699470151397335,1.013008926747691
1.1109751025314363,-0.5891796926965022,-0.9011031414910956,-1.0494791781072375,0.08835836123987253,1.2896968591179752,1.366127976502131,-1.2236095387553816,0.9620713645296407,0.45069904198129335,-0.20817675726324508,1.0145783054514812,0.7582494276592089
1.3580280955361128,-0.28397422319387156,0.12239231365740011,-0.20868119969758106,0.22878504249609857,0.7288808172177178,0.8942636170034801,-0.33725087176202745,1.3825715557789375,0.4939560402774762,0.493797437249811,0.19536147254978645,0.9970864580546609
1.1603857011323706,-0.5442965354167035,-0.35280200480440144,-0.6290801889024097,0.5798517456366636,0.937183918494956,1.5167229848527641,-0.33725087176202745,0.8569463167173162,1.6618949942744075,0.7131643730351411,0.6897164579214989,1.6339852057758661
0.06099988226155702,-0.5442965354167035,-1.1935304143906662,-2.1305051503482235,-0.5435617044131447,0.6808108707691246,1.2456519698216244,-1.5459217812984192,2.3111761447878028,0.9265260232393026,0.7131643730351411,0.4213523230054266,1.2836908945292032
1.0245065549797987,-0.6161095870643815,0.8534604959063268,-0.6891371873602421,-0.4031350231569186,0.2481813527317834,0.9645412875671092,-1.143031478119622,1.2248839840604513,0.23441405050038017,1.2396450189199326,1.0710760180653913,1.6499076744688963
1.0121539053295652,-0.5263432725047841,0.1954991318822928,-1.6500491626855631,0.7904917675210027,2.539515466781405,1.717516329320275,-0.33725087176202745,0.48900864937418126,0.8616405257950285,0.2305571143074148,0.9157073083771384,1.4110706440734442
0.9503906570783949,-0.39169380066538834,1.1458877688058975,-0.7191656865891577,1.0713451300334549,1.12946370428933,0.763747943099598,0.2267955526882888,0.15611266463515397,0.5372130385736587,0.7570377601922063,0.4496011793123816,2.000201985715559
0.913332708127694,-0.5981563241524619,-0.42590882302929406,-0.9293651811915726,1.2819851519177938,0.4885310849747506,0.874184282556729,-1.2236095387553816,0.050987616822829956,0.34255654624083676,-0.16430337010617904,0.830960739456274,0.9970864580546609
0.6909850144234846,-0.5442965354167035,0.3417127683320781,0.30180328719399563,1.1415584706615678,1.065370442357872,0.7537082758762222,-1.304187599391141,1.5052174448933164,0.5155845394255675,0.09893695283621669,0.5908454608471561,1.1881560823710224
1.5062598913389207,-0.5712264297845827,-0.24314177746706322,-0.9593936804204882,1.2819851519177938,1.44993001394662,0.9745809547904846,-0.8207192355765842,0.7693421102070456,0.5718186372106048,-0.07655659579204746,0.9863294491445262,0.7104820215801185
0.35746347386716815,-0.3288573804736702,1.1458877688058975,-0.8092511842759068,0.15857170186798555,1.12946370428933,1.2054933009281221,-0.41782893239778696,0.12107098203104584,0.40744204368511083,0.493797437249811,0.3224813259310837,1.6658301431619265
0.8886274088272268,-0.8135954790954953,0.48792640478186344,-0.8392796835048235,0.5798517456366636,1.7703963236039095,1.647238658756646,-1.3847656600269005,0.7868629515091,0.7534980300545718,-0.29592353157737716,0.3648546103915165,1.7135975492410167
-0.7789802939543485,-1.2534504204375216,-3.6791622340370145,-2.671018136468717,-0.8244150669255967,-0.5049144749628479,-1.4650581804897735,-0.6595631143050651,-2.0515133394236567,-1.3444663873102858,0.40605066293567893,-1.1182103457236205,-0.7225401607925932
-0.828390892555283,-1.109824317142166,-0.3162485956919559,-1.0494791781072375,0.08835836123987253,-0.39275126658279674,-0.9429954848742449,2.160669007946516,-2.0690341807257107,-0.7734740098006752,1.2835184060769986,-1.3300767680257832,-0.21302116261562906
-0.44545875339803215,-0.8764318992872132,-1.266637232615559,-0.8092511842759068,0.018145020611759512,-0.4408212130313899,-0.6217261337262275,1.3548884015889213,-1.7010965133825755,0.29929954794465424,0.09893695283621669,-1.443072193253603,-0.945454722495015
0.8268641605760565,-0.9751748453027702,-1.6321713237400224,-0.44890919352891157,-0.4031350231569186,-0.31263468916847387,-0.24021877923795662,-0.33725087176202745,-1.5083672590599808,-0.5442119188309072,1.1957716317628666,-0.214246943901061,-0.3722458495459304
-0.7789802939543485,-1.082894422774287,-0.7548895050413102,-0.14862420123974868,-0.8946284075537098,1.9306294784325544,1.0749776270242402,-1.3847656600269005,0.48900864937418126,-0.26304142990571994,1.1518982446058006,0.3648546103915165,-1.0409895346531959
-1.0260332869590252,-0.7956422161835758,0.5975866321192016,-0.14862420123974868,0.2989983831242116,-0.6491243143086285,-0.2803774481314588,0.7102639165028455,-0.9827420199983592,-0.9118964043484594,2.1609861492183184,-0.5391087914310434,-1.2479816276625875
-0.7789802939543485,-1.0110813711266091,0.7072468594565414,-0.41888069429999486,-0.12228166064446654,0.20011140628318952,0.6231926019723403,0.06563943141676974,0.8569463167173162,-0.1981559324614462,1.0202780831346026,-0.44023779435670113,-0.2193901500928411
0.1351157801629587,-1.1906140002458037,-2.436346324213841,-1.3497641703964003,-1.526548473206727,1.097417073323601,1.1552949648112445,-0.8207192355765842,1.2073631427583968,0.10464305561183232,0.7131643730351411,0.802711883149319,-0.7798610480875017
-0.7789802939543485,-1.046987896950448,-1.6321713237400224,0.03154679413374947,-1.526548473206727,-0.29661137368560975,-0.029385767547070167,-0.7401411749408247,-0.9652211786963052,-0.16355033382450007,0.7131643730351411,1.2264447277536437,-0.7543850981786535
0.41922672211833845,-1.2534504204375216,-0.023821322792385226,-0.7491941858180745,0.7202784268928897,0.3763678765946987,-0.7321624731833584,1.5160445228604404,-2.0515133394236567,-0.8167310080968578,0.27443050146448084,-0.9628416360353683,0.00989339908679277
-0.9766226883580886,-1.0290346340385286,-2.253579278651609,-0.8092511842759068,3.599025392645524,-0.7132175762400861,-0.7522418076301095,-1.7876559632056976,1.5928216514035864,-0.9551534026446421,1.4151385675481967,0.6473431734610661,-0.09201040054860007
-0.8778014911562196,-0.6520161128882201,-0.5721224594790795,0.2717747879650789,0.22878504249609857,-1.9149662374549228,-1.0132731554378738,0.06563943141676974,-0.22934584401003513,-0.868639406052277,-0.2257261121260715,-1.1182103457236205,0.3920326477195159
1.0615645039304995,-0.7417824274478174,1.1093343596934504,1.6530857524952287,-0.9648417481818228,1.0493471268750079,0.8340256136632267,-1.2236095387553816,0.48900864937418126,-0.7258913116748743,1.766125664804725,0.774463026842364,-1.0728344720392562
0.604516466871847,-0.6071329556084216,-0.4624622321417396,1.3528007602060657,-0.8946284075537098,-0.665147629791493,-0.19002044312107882,-0.7401411749408247,-0.9827420199983592,-0.5701661178086166,0.09893695283621669,0.23773475701021865,-0.8753958602456825
-0.013116015639846866,-0.5981563241524619,0.8534604959063268,3.154510713941043,2.7564653051081676,1.6101631687752644,0.8641446153333536,-1.2236095387553816,0.6466962210926674,-0.7388684111637289,1.546758729019395,1.2546935840605986,0.7582494276592089
-1.2854389296139355,-1.1188009485981258,-0.24314177746706322,0.4519457833385771,0.08835836123987253,1.7383496926381805,0.11116957358018761,-1.8682340238414572,0.10355014072899177,-0.7994282087783847,0.14281033999328271,0.7320897423819311,0.44298454753721234
-1.6560184191209528,-0.4096470635773078,-1.6321713237400224,-1.0494791781072375,-0.19249500127257954,-1.0977771478288338,-0.46109145815221864,-0.1760947504905084,-0.7724919243737108,-0.5442119188309072,1.1957716317628666,-0.6662286448123407,-1.0155135847443477
0.03629458296108759,-1.2893569462613605,-2.3997929151013944,-1.0494791781072375,-0.9648417481818228,-0.5529844214114414,0.0007332341230562783,-0.9818753568481032,-0.22934584401003513,-0.1981559324614462,1.0202780831346026,-0.185998087594106,-1.1301553593341647
-1.4336707254167433,0.4969927134746244,-0.49901564125418674,-0.44890919352891157,0.8607051081491157,-0.9215206775173247,-0.7120831387366073,0.5491077952313265,-1.1229087504147919,-1.0416673992370076,0.011190178522084612,-0.12950037498019595,-0.7862300355647138
-0.828390892555283,-1.2085672631577231,-1.5225110964026833,-1.4098211688542326,2.545825283223828,-0.633100998825764,-0.17998077589770328,-0.09551668985474931,2.0483635252569914,-0.7172399120156377,0.44992405009274494,-0.4261133662032233,0.00989339908679277
-0.3713428554966305,1.3767025961586772,0.12239231365740011,1.0525157679169028,0.08835836123987253,0.8570673410806339,0.5227959297385847,0.5491077952313265,0.6291753797906134,-1.0762729978739536,1.0202780831346026,0.7320897423819311,-0.9040563038931367
-1.2360283310130011,-1.271403683349441,-1.3397440508404517,-0.14862420123974868,-0.9648417481818228,0.20011140628318952,0.23164558026069385,-0.4984069930335465,-0.28190836791619733,-1.1065528966812814,1.8538724391188561,0.7179653142284539,-1.4931876455352515
-0.34663755619616105,-0.4724834837690257,-0.6086758685915249,-0.20868119969758106,-0.9648417481818228,-0.15240153433982884,0.5027165952918337,-0.8207192355765842,0.31380023635364057,-0.5009549205347246,0.8886579216634044,0.746214170535409,-0.10474837550302417
-1.13720713381113,-1.082894422774287,0.524479813894309,1.3528007602060657,-1.526548473206727,-0.4728678439971189,-0.45105179092884307,0.30737361332404833,-0.3344708918223595,-1.2363238915698291,1.546758729019395,0.15298818808935422,-0.3722458495459304
0.06099988226155702,1.3677259647027173,-0.17003495924217055,0.9023732717723214,-1.035055088809936,-1.0336838858973763,-0.4410121237054675,1.9995128866749967,0.050987616822829956,-0.11164193586908086,-0.5152904673627073,-0.8498462108075485,-0.7384626294856234
-1.4336707254167433,-1.2983335777173202,0.7803536776814342,-0.44890919352891157,-0.4031350231569186,-0.15240153433982884,0.18144724414381627,-1.143031478119622,1.3300090318727757,-0.868639406052277,-0.7346574031480371,0.6614676016145439,-0.7225401607925932
-0.40840080444733134,-1.2175438946136827,-0.4624622321417396,-0.44890919352891157,-0.05206832001635351,-0.15240153433982884,-0.0896237708873235,-0.4984069930335465,-0.22934584401003513,-1.0546444987258623,1.1957716317628666,0.774463026842364,-0.945454722495015
-1.038385936609259,-0.6520161128882201,-0.20658836835461608,0.9924587694590705,-0.6839883856693707,-0.8253807846201376,-0.3406154514717122,0.5491077952313265,-0.054137430989494445,-1.1281813958293727,1.634505503333527,-0.49673550697061114,-0.8021525042577439
-1.6683710687711863,-0.5981563241524619,0.9265673141312194,1.9533707447843915,-0.8244150669255967,-0.601054367860035,-0.4209327892587164,0.30737361332404833,-0.4395959396346835,-1.0632958983850986,1.766125664804725,0.8450851676097512,-0.5887914237711401
-1.6807237184214199,-0.24806769737003262,0.3417127683320781,0.6321167787120753,-1.1052684294380488,-0.5529844214114414,-0.3406154514717122,0.9519980984101236,-0.42207509833262946,-0.9767819017927336,0.18668372715034875,0.19536147254978645,-0.21302116261562906
-1.13720713381113,-0.9033617936550924,-0.24314177746706322,1.232686763290401,-2.0882551982316313,-0.15240153433982884,-0.4410121237054675,0.46852973459556696,-0.3695125744264677,-1.4353060837322693,0.493797437249811,0.8450851676097512,-0.3881683182389605
-1.13720713381113,-0.45453022085710626,-0.17003495924217055,-0.29876669738433015,-1.315908451322388,-1.1138004633116982,-0.5313691287158475,1.2743103409531618,0.0860292994269377,-1.149809894977464,0.5376708244068771,-0.48261107881713333,-0.8499199103368343
-1.2360283310130011,-0.7417824274478174,0.1954991318822928,0.75223077562774,-0.9648417481818228,-1.354150195554666,-0.7823608093002362,1.1131542196816426,0.06850845812488364,-0.6307259154232724,0.40605066293567893,0.05411719101501135,-0.945454722495015
-0.38369550514686407,-0.723829164535898,-0.3893554139168486,0.36186028565182804,-1.386121791950501,-1.4663134039347174,-0.5715277976093497,1.757778704767718,0.050987616822829956,-0.868639406052277,0.011190178522084612,-0.7792240700401607,-0.8021525042577439
-0.8778014911562196,0.44313292473886606,-0.5355690503666323,-0.44890919352891157,-0.8244150669255967,0.2481813527317834,0.2216059130373185,-0.9012972962123437,0.6992587449988297,-1.2579523907179206,0.8447845345063383,0.9722050209910484,-1.4549737206719793
-1.7054290177218894,-0.31090411756175074,-0.3162485956919559,-0.44890919352891157,-0.12228166064446654,1.161510335255059,0.23164558026069385,-1.5459217812984192,-0.42207509833262946,-0.7821254094599116,0.8886579216634044,0.4919744637728138,-1.2798265650486478
-0.655453797452008,-0.7328057959918577,-0.6086758685915249,-0.14862420123974868,4.371372139554767,0.32829793014610553,0.2416852474840696,-0.33725087176202745,2.959447272963802,-1.0632958983850986,0.8886579216634044,0.025868334708056332,0.6053937282061197
-1.4707286743674441,-0.19420790863427426,1.3652082234805754,0.6020882794831586,2.4053986019676024,-1.1138004633116982,-1.0433921571080005,-1.7876559632056976,-0.054137430989494445,-1.1065528966812814,-0.03268320863498142,-0.49673550697061114,-0.3881683182389605
-0.8778014911562196,-0.8315487420074148,-1.4128508690653443,-1.0494791781072375,-1.035055088809936,0.40841450756042774,0.47259759362170717,-0.5789850536693061,0.31380023635364057,-0.9335249034965509,1.1957716317628666,0.18123704439630925,-1.0155135847443477
-0.7789802939543485,-1.1367542115100453,-0.9742099597159882,-0.29876669738433015,-0.8244150669255967,1.9626761093982834,1.7275559965436504,-0.9818753568481032,0.6291753797906134,-0.24141293075762868,0.3621772757786129,0.22361032885674145,-0.2767110373877496
-0.8778014911562196,0.7483383942414965,-0.5721224594790795,-0.44890919352891157,-0.8244150669255967,0.8891139720463628,0.9645412875671092,0.7102639165028455,2.135967731767262,-1.1930668932736468,2.0293659877471204,0.3083568977776065,-1.0855724469936803
-1.13720713381113,-0.23011443445811317,-2.436346324213841,-0.599051689673493,-0.19249500127257954,-0.10433158789123569,0.14128857525031405,-0.8207192355765842,-0.3344708918223595,-0.7604969103118204,1.3712651803911307,0.4919744637728138,-0.11748635045744828
-0.4948693519989688,-0.8943851621991327,-1.705278141964915,-0.29876669738433015,-0.8244150669255967,-1.354150195554666,-0.671924469843105,-0.5789850536693061,-0.42207509833262946,-1.1281813958293727,0.3621772757786129,0.22361032885674145,-0.5887914237711401
-0.8160382429050493,0.10202092941239668,0.3417127683320781,0.4519457833385771,-0.12228166064446654,0.4244378230432926,0.08105057191006072,-0.1760947504905084,-0.49215846354084575,-0.9767819017927336,-0.690784015990971,1.0852004462188685,-0.9836686473582874
-1.4583760247172106,-0.5532731668726633,-1.7783849601898076,0.0015182949048327598,-0.9648417481818228,0.32829793014610553,-0.3908137875885899,0.06563943141676974,-0.2994292092182514,-1.296883689184485,-0.07655659579204746,-0.242495800208016,-1.056912003346226
-0.6060431988510735,-0.5442965354167035,-1.4128508690653443,0.30180328719399563,-1.035055088809936,-0.15240153433982884,-0.10970310533407461,-0.33725087176202745,-0.194304161405927,-0.9162221041780778,0.3621772757786129,1.3535645811349408,-0.23849711252447728
-0.7172170457031782,0.1917872439719936,-0.35280200480440144,0.75223077562774,-0.6839883856693707,-0.9856139394487826,-0.19002044312107882,2.402403189853794,-0.2994292092182514,-1.020038900088916,-0.42754369304857526,0.9722050209910484,-1.3753613772068287
-0.9272120897571541,-0.5442965354167035,-0.9011031414910956,-0.14862420123974868,-1.386121791950501,-1.0336838858973763,0.0007332341230562783,0.06563943141676974,0.06850845812488364,-0.7172399120156377,0.18668372715034875,0.7885874549958412,-0.7543850981786535
-0.34663755619616105,-0.5263432725047841,-0.3162485956919559,0.9023732717723214,-1.1052684294380488,-1.4663134039347174,-0.2703377809080833,0.9519980984101236,0.06850845812488364,-0.7604969103118204,-0.3397969187344432,-0.27074465651497104,-0.8244439604279861
-0.964270038707855,-0.9392683194789313,-1.5590645055151295,-0.14862420123974868,-0.5435617044131447,0.10397151338600251,0.010772901346432056,0.2267955526882888,0.8569463167173162,-1.020038900088916,-0.42754369304857526,0.5767210326936788,-1.3849148584226467
-1.7177816673721231,-0.8854085307431729,1.21899458703079,0.1516607910494142,-0.4031350231569186,0.7128575017348536,0.8942636170034801,-0.5789850536693061,1.5753008101015327,-1.0416673992370076,0.011190178522084612,0.9157073083771384,-0.21302116261562906
-1.9030714121256294,1.260006387231201,-1.9977054148644848,0.0015182949048327598,0.5096384050085506,1.417883382980891,0.5529149314087116,-0.9818753568481032,3.485072512025424,-0.9335249034965509,-0.9101509517763011,0.2801080414706515,-0.5887914237711401
-0.59369054920084,0.08406766650047721,-0.7183360959288647,0.4519457833385771,-0.8244150669255967,0.40841450756042774,0.2416852474840696,-0.8207192355765842,-0.6498460352593324,-1.3228378881621945,-0.2520501444203111,0.23773475701021865,-1.3435164398207684
-1.5324919226186144,0.30848345289947027,2.023169587504608,0.1516607910494142,0.22878504249609857,-0.8734507310687312,0.0007332341230562783,1.9189348260392372,-0.9477003373942511,-0.5442119188309072,1.1957716317628666,-0.15774923128715096,-0.44548920553386895
-1.9648346603767997,-1.4329830495567162,0.48792640478186344,0.4519457833385771,-0.8244150669255967,0.29625129918037657,-0.019346100323694833,0.46852973459556696,-0.2643875266141433,-0.8556623065634221,0.6254175987210091,-0.4261133662032233,-0.9964066223127115
-1.13720713381113,-0.8495020049193343,0.48792640478186344,0.9023732717723214,-1.1052684294380488,0.4244378230432926,0.26176458193082075,0.5491077952313265,-0.9652211786963052,-0.9335249034965509,-0.120429982949113,0.8168363113027962,-1.1524468155044068
-2.434235347085688,-0.7417824274478174,-0.6086758685915249,0.6020882794831586,-1.035055088809936,0.26420466821464755,0.14128857525031405,1.2743103409531618,0.7343004276029375,-1.3660948864583773,3.3016942153020343,0.3648546103915165,-1.0823879532550742
-1.4583760247172106,-0.7776889532716563,-1.3762974599528979,0.39188878488074474,-0.9648417481818228,-0.5049144749628479,-0.4309724564820919,-0.4984069930335465,-0.10669995489565665,-1.3444663873102858,-0.03268320863498142,1.0145783054514812,-0.8021525042577439
-0.7172170457031782,-0.6520161128882201,-0.6452292777039721,0.9023732717723214,0.5798517456366636,-0.4728678439971189,0.06097123746330961,-0.1760947504905084,0.03346677552077589,-1.296883689184485,0.44992405009274494,0.4919744637728138,-1.2798265650486478
-0.28487430794499297,0.9817308120964495,-1.4128508690653443,-1.0494791781072375,-1.386121791950501,-1.0657305168631053,-0.7823608093002362,0.5491077952313265,-1.3331588460394403,-0.7172399120156377,-1.1295178875616314,-0.6944775011192956,-1.193845234106285
-1.2360283310130011,0.9817308120964495,-1.3397440508404517,-0.14862420123974868,-0.8946284075537098,-0.4728678439971189,-0.3908137875885899,0.06563943141676974,0.48900864937418126,-1.6342882758947095,-0.120429982949113,0.619094317154111,-0.5824224362939281
-1.9154240617758653,0.057137772132597825,0.1954991318822928,0.1516607910494142,-0.2627083419006926,0.969230549460685,0.763747943099598,-0.33725087176202745,0.418925284165965,-0.7821254094599116,-0.690784015990971,1.0993248743723463,-0.3881683182389605
-1.7795449156232912,-0.25704432882599254,3.156325269990443,2.704083225507299,1.352198492545907,1.417883382980891,3.062831737252598,0.8714200377743642,0.48900864937418126,0.40744204368511083,-0.120429982949113,1.523057718976671,-0.8976873164159247
-0.7172170457031782,1.8793939576924215,1.3286548143681283,2.103513240928973,0.15857170186798555,-0.15240153433982884,0.10112990635681184,0.5491077952313265,0.20867518854131617,-1.2882322895252485,-0.16430337010617904,0.7179653142284539,-1.2161366902765274
0.06099988226155702,3.1091924671589037,-0.8645497323786501,0.6020882794831586,-0.9648417481818228,0.5205777159404796,0.6231926019723403,-0.4984069930335465,0.7343004276029375,-1.0632958983850986,-0.9978977260904333,0.6897164579214989,-1.168369284197437
-1.3966127764660425,1.7716743802209047,0.08583890454495459,0.4519457833385771,-1.2456951106942749,0.905137287529227,1.004699956460611,-1.2236095387553816,2.3111761447878028,-0.9767819017927336,-0.9101509517763011,1.4524355782092837,-1.168369284197437
-1.1495597834613636,-0.15830138281043532,-0.7183360959288647,0.4519457833385771,-1.035055088809936,0.4885310849747506,0.6231926019723403,0.06563943141676974,-0.42207509833262946,-0.9940847011112066,-0.42754369304857526,0.9439561646840935,-1.174738271674649
-0.7048643960529447,-0.723829164535898,-0.27969518657950876,0.6020882794831586,-0.9648417481818228,0.7128575017348536,1.1251759631411176,0.2267955526882888,0.31380023635364057,-0.48365212121625145,-1.1733912747186974,0.3224813259310837,-1.2575351088784057
-1.4954339736679136,-0.18523127717831472,1.5114218599303593,2.704083225507299,-0.5435617044131447,-0.26456474271988073,0.21156624581394318,1.757778704767718,0.2962793950515865,-0.8902679052003682,0.05506356567915065,-0.242495800208016,-0.8945028226773186
-0.7789802939543485,-0.6340628499763009,-0.24314177746706322,1.5029432563506473,-0.8244150669255967,-0.12035490337409983,0.4223992575048296,0.30737361332404833,0.5415711732803431,-1.2709294902067754,-0.29592353157737716,0.23773475701021865,-1.289380046264466
-1.1866177324120666,1.7626977487649451,0.049285495432507445,0.75223077562774,-1.386121791950501,-0.31263468916847387,-0.2803774481314588,0.46852973459556696,-0.42207509833262946,-1.0632958983850986,-0.7346574031480371,-0.05887823421280872,-0.5314705364762317
-0.17370046109288825,-0.8854085307431729,-0.17003495924217055,-0.44890919352891157,1.562838514430246,-1.258010302657479,-0.7823608093002362,-1.2236095387553816,-1.1404295917168459,-0.4144409239423594,-0.8662775646192351,-1.866805037857928,-0.3722458495459304
-0.1489951617924188,0.5867590280342218,0.12239231365740011,0.1516607910494142,0.2989983831242116,-1.594499927797633,-0.8124798109703628,-0.9818753568481032,-1.3331588460394403,0.1479000539080152,-0.9540243389333672,-1.6831874718627207,-0.690695223406533
-0.23546370934405633,-0.023651910971039556,0.12239231365740011,1.3528007602060657,-0.12228166064446654,-1.8348496600406006,-0.9429954848742449,-0.7401411749408247,-1.3331588460394403,0.277671048796563,-1.305011436189895,-1.7679340407835853,-0.5951604112483522
-0.3713428554966305,1.089450389567966,-0.023821322792385226,0.6020882794831586,0.43942506438043766,-0.9535673084830537,-0.832559145417114,-1.5459217812984192,-1.3156380047373863,-0.025127939276715507,-0.7785307903051031,-1.866805037857928,-0.46778066170411114
-0.6060431988510735,-0.9841514767587299,-0.42590882302929406,-0.599051689673493,-1.035055088809936,-0.4728678439971189,-1.4550185132663978,1.9189348260392372,-0.5972835113531701,0.16952855305610642,-0.9101509517763011,-1.556067618481423,-0.30855597477380986
-0.4948693519989688,0.11099756086835622,-0.6086758685915249,-0.29876669738433015,-0.4031350231569186,-1.0817538323459692,-1.3747011754793932,2.160669007946516,-1.1404295917168459,0.8832690249431197,-0.9978977260904333,-1.4571966214070804,-0.16525375653653868
-0.9272120897571541,2.139716269915253,0.6341400412316488,0.4519457833385771,-0.7542017262974837,-1.4663134039347174,-1.5654548527235288,1.3548884015889213,-1.3857213699456024,-0.5225834196828157,-0.9101509517763011,-1.895053894164883,-0.08564141307138802
-0.5813378995506063,2.8488701549360718,0.9996741323561121,1.6530857524952287,-0.2627083419006926,-0.8093574691372731,-1.4349391788196466,2.160669007946516,-0.8600961308839807,-0.025127939276715507,-0.6030372416768394,-1.3018279117188283,-0.7384626294856234
0.604516466871847,1.1253569153918048,-0.6452292777039721,0.0015182949048327598,-0.8244150669255967,-1.0817538323459692,-1.5554151855001532,1.757778704767718,-1.2455546395291701,0.277671048796563,-0.6469106288339049,-1.1182103457236205,-0.5314705364762317
-0.19840576039335547,0.5598291336663423,0.8900139050187723,1.3528007602060657,0.08835836123987253,0.039878251454544496,-1.4349391788196466,1.3548884015889213,-1.3682005286435484,-0.05973353791366165,-0.29592353157737716,-0.6521042166588634,-0.4996255990901714
-0.08723191354125075,0.4251796618269466,1.21899458703079,0.4519457833385771,-0.2627083419006926,-1.2099403562088853,-1.535335851053402,1.3548884015889213,-1.4733255764558728,-0.1981559324614462,-0.8224041774621691,-0.4261133662032233,-0.46778066170411114
0.44393202141880567,0.20076387542795351,-0.060374731904830746,0.1516607910494142,-0.7542017262974837,-1.4342667729689884,-1.535335851053402,0.06563943141676974,-1.6660548307784673,0.23441405050038017,-1.1295178875616314,-0.20012251574758316,0.10542821124497355
0.6415744158225479,0.7483383942414965,1.2921014052556827,1.2026582640614842,-0.19249500127257954,-1.193917040726021,-1.5152565166066512,1.1131542196816426,-1.8237424024969537,-0.3062984282019028,-0.29592353157737716,-0.7792240700401607,-0.7225401607925932
0.7651009123248862,2.3461787934023275,-0.060374731904830746,0.1516607910494142,-0.5435617044131447,-0.4728678439971189,-1.2341458343521357,0.8714200377743642,-1.0002628613004134,-0.28466992905381117,-0.20817675726324508,-0.7933484981936385,-0.6270053486344125
-0.9272120897571541,1.3856792276146368,-0.6086758685915249,-0.29876669738433015,0.8607051081491157,-1.4663134039347174,-1.2542251687988868,-0.5789850536693061,-0.7900127656757648,1.3634217060307474,-1.348884823346961,-0.8639706389610258,0.3442652416404255
0.19687902841412896,1.1074036524798854,-0.7914429141537574,0.4519457833385771,0.15857170186798555,-1.2740336181403433,-1.4851375149365245,0.5491077952313265,-0.5096793048428998,-0.4576979222385419,-1.5682517591322913,-1.3159523398723056,0.2646528981752749
1.086269803230969,2.426968476505965,-0.49901564125418674,0.1516607910494142,-1.386121791950501,-2.1072460232492967,-1.6959705266274108,0.30737361332404833,-1.595971465570251,-0.06838493757289799,-1.6559985334464233,-1.8103073252440178,-1.056912003346226
-0.16134781144265464,2.040973323899697,0.41481958655697077,0.6020882794831586,-0.9648417481818228,-0.9535673084830537,-1.384740842702769,0.8714200377743642,-1.2805963221332781,1.1211825155721244,-1.831492082074687,-1.0617126331097106,-0.3881683182389605
0.3945214228178712,0.8111748144332148,0.049285495432507445,0.6020882794831586,-0.5435617044131447,-0.5850310523771705,-1.274304503245638,0.7102639165028455,-0.5972835113531701,1.4542614024527307,-1.787618694917621,-1.4006989087931705,-0.30855597477380986
0.09805783121225786,1.4036324905265563,-0.023821322792385226,0.6020882794831586,0.9309184487772288,-1.418243457486124,-0.6418054681729786,-0.1760947504905084,-0.7900127656757648,1.8781799857553207,-1.6998719206034894,-1.8103073252440178,-0.6270053486344125
0.6168691165220807,0.7034552369616981,0.9265673141312194,1.3528007602060657,1.633051855058359,-1.4342667729689884,-0.46109145815221864,-1.143031478119622,-0.5972835113531701,1.5321239993858593,-1.6121251462893573,-1.8526806097044504,-0.7862300355647138
-0.26016900864452575,0.2995068214435104,0.41481958655697077,0.75223077562774,0.8607051081491157,-1.3060802491060723,-0.671924469843105,-0.9818753568481032,-0.579762670051116,2.4837779619018776,-2.094732405017083,-1.6125653310953332,-0.8499199103368343
0.1351157801629587,-0.39169380066538834,1.401761632593021,1.8032282486398101,1.1415584706615678,-0.15240153433982884,-0.7522418076301095,-0.8207192355765842,-0.054137430989494445,0.8832690249431197,-1.524378371975225,-1.8103073252440178,-1.0250670659601657
0.2833475759657665,0.8650346031689728,-0.3162485956919559,-0.29876669738433015,-0.12228166064446654,-0.7933341536544086,-1.2040268326820092,1.9995128866749967,0.48900864937418126,2.362658366672566,-1.743745307760555,-1.556067618481423,-0.2289436313086592
-0.519574651299436,-0.9392683194789313,-0.9742099597159882,0.1516607910494142,0.22878504249609857,-1.3060802491060723,-1.4550185132663978,1.3548884015889213,-0.3344708918223595,1.099554016424033,-1.6559985334464233,-1.499569905867513,-0.3404009121598701
0.2092316780643626,2.561617948345361,-0.17003495924217055,0.75223077562774,-0.47334836378503165,-0.8894740465515957,-1.4048201771495201,1.9995128866749967,-0.07165827229154852,1.229325011312581,-1.5682517591322913,-1.5984409029418556,-0.06971894437835789
1.0368592046300324,1.6011183825576705,0.049285495432507445,0.0015182949048327598,-0.7542017262974837,-0.7933341536544086,-1.2040268326820092,0.9519980984101236,-0.054137430989494445,1.7094776924002082,-1.6998719206034894,-1.3724500524862158,-0.8499199103368343
-0.6801590967524774,0.6226655538580603,0.9996741323561121,2.2536557370735544,-0.19249500127257954,-0.633100998825764,-1.4550185132663978,2.160669007946516,-0.7900127656757648,1.0562970181278504,-1.261138049032829,-1.2453301991049182,0.42387758510557616
1.6544916871417263,-0.5891796926965022,1.21899458703079,1.6530857524952287,-0.12228166064446654,0.8089973946320399,-0.7221228059599828,1.3548884015889213,1.9432384774446676,3.4354319244178955,-1.6998719206034894,-0.9204683515749358,-0.2767110373877496
0.5921638172216134,-0.5981563241524619,0.9996741323561121,0.9023732717723214,-0.7542017262974837,0.4885310849747506,-0.9329558176508693,1.2743103409531618,1.2248839840604513,2.8947194457156122,-1.6998719206034894,-1.1747080583375307,-0.40409078693199063
-0.7913329436045822,1.3407960703348383,0.049285495432507445,0.4519457833385771,-0.8244150669255967,0.007831620488815487,-1.1136698276716293,1.1131542196816426,-0.9652211786963052,1.1211825155721244,-1.743745307760555,-1.4571966214070804,-0.7225401607925932
0.8515694598765238,0.8291280773451339,0.6341400412316488,0.1516607910494142,0.5096384050085506,-0.7452642072058151,-1.475097847713149,1.1131542196816426,-1.3857213699456024,0.35553364572969165,0.011190178522084612,-1.1182103457236205,-0.21302116261562906
-0.18605311074312186,0.8381047088010938,0.7803536776814342,0.75223077562774,0.43942506438043766,-1.0336838858973763,-1.4349391788196466,1.9189348260392372,-1.1053879091127377,0.2257626508411438,-0.38367030589150924,-0.7086019292727734,-0.563315473862292
-0.05017396459054771,0.999684075008369,-0.060374731904830746,-0.29876669738433015,0.43942506438043766,-1.4502900884518528,-1.3345425065858914,0.30737361332404833,-1.1404295917168459,0.09599165595259598,-1.217264661875763,-1.2170813427979632,-0.2289436313086592
0.9627433067286285,0.38029650454714775,-0.24314177746706322,0.75223077562774,-0.6839883856693707,-1.5143833503833106,-1.3546218410326423,0.3879516739598074,-0.9827420199983592,1.9560425826884493,-1.1295178875616314,-1.3159523398723056,-0.4200132556250208
0.9009800584774604,1.816557537500704,-0.3893554139168486,0.9023732717723214,-0.8244150669255967,-1.626546558763362,-1.5654548527235288,1.2743103409531618,-0.7724919243737108,0.6756354331214433,-0.7785307903051031,-1.2170813427979632,-0.7225401607925932
0.5551058682709104,1.2240998614073622,0.8534604959063268,1.0525157679169028,0.7904917675210027,-0.9535673084830537,-1.1136698276716293,0.5491077952313265,-0.22934584401003513,2.4318695639464583,-0.47141708020564127,-1.4854454777140356,-0.16525375653653868
-0.22311105969382272,0.9278710233606912,-0.24314177746706322,0.0015182949048327598,-0.8244150669255967,-1.3060802491060723,-1.3747011754793932,0.30737361332404833,-1.0878670678106837,2.250190171102491,-1.0417711132474992,-1.2170813427979632,-0.19709869392259893
0.7156903137239518,0.21871713833987297,1.182441177918343,1.5029432563506473,0.36921172375232464,-1.193917040726021,-1.1939871654586338,0.2267955526882888,-0.08917911359360259,1.558078198363569,-0.9540243389333672,-1.1464592020305757,0.00989339908679277
0.49334262001974233,2.0319966924437365,1.8038491328299298,1.6530857524952287,0.8607051081491157,-0.5049144749628479,-1.073511158778127,-0.7401411749408247,-0.8425752895819267,1.4888670010896767,-1.261138049032829,-0.9769660641888458,-0.3722458495459304
-0.9889753380083244,0.6226655538580603,-0.17003495924217055,-0.14862420123974868,-0.2627083419006926,-1.6746165052119557,-1.5453755182767777,0.30737361332404833,-1.5083672590599808,0.19115705220419768,-1.305011436189895,-1.1040859175701432,-0.7543850981786535
-0.28487430794499297,0.04816114067663829,-0.3162485956919559,0.0015182949048327598,-0.9648417481818228,-1.4502900884518528,-1.5252961838300267,0.9519980984101236,-1.6660548307784673,2.09446454466625,-1.6998719206034894,-1.3865744806396934,-0.8817648477228945
1.4321439934375169,0.15588071814815466,0.41481958655697077,0.1516607910494142,-0.6137750450412577,-0.9856139394487826,-1.3345425065858914,0.629685855867086,-0.6148043526552243,2.007950980643868,-1.480504984818159,-1.273579055411873,-0.2767110373877496
0.8762747591769932,2.974542995319508,0.3051593592196326,0.30180328719399563,-0.3329216825288056,-0.9856139394487826,-1.4248995115962713,1.2743103409531618,-0.9301794960921971,1.1428110147202157,-1.392758210504027,-1.2312057709514406,-0.021951538299267492
0.49334262001974233,1.4126091219825163,0.41481958655697077,1.0525157679169028,0.15857170186798555,-0.7933341536544086,-1.2843441704690135,0.5491077952313265,-0.31695005052030545,0.969783021535485,-1.1295178875616314,-1.4854454777140356,0.00989339908679277
0.3327581745667009,1.744744485853026,-0.3893554139168486,0.1516607910494142,1.4224118331740199,-1.1298237787945629,-1.344582173809267,0.5491077952313265,-0.42207509833262946,2.2242359721247813,-1.6121251462893573,-1.4854454777140356,0.280575366868305
0.2092316780643626,0.2276937697958325,0.01273208632006192,0.1516607910494142,1.4224118331740199,-1.0336838858973763,-1.3546218410326423,1.3548884015889213,-0.22934584401003513,1.8349229874591382,-1.5682517591322913,-1.4006989087931705,0.29649783556133513
1.395086044486816,1.5831651196457506,1.3652082234805754,1.5029432563506473,-0.2627083419006926,-0.39275126658279674,-1.274304503245638,1.5966225834961998,-0.42207509833262946,1.791665989162955,-1.524378371975225,-1.4289477651001254,-0.5951604112483522
0,0,0,0,0,0,0,0,0,0,0,0,0,0,0,0,0,0,0,0,0,0,0,0,0,0,0,0,0,0,0,0,0,0,0,0,0,0,0,0,0,0,0,0,0,0,0,0,0,0,0,0,0,0,0,0,0,0,0,1,1,1,1,1,1,1,1,1,1,1,1,1,1,1,1,1,1,1,1,1,1,1,1,1,1,1,1,1,1,1,1,1,1,1,1,1,1,1,1,1,1,1,1,1,1,1,1,1,1,1,1,1,1,1,1,1,1,1,1,1,1,1,1,1,1,1,1,1,1,1,2,2,2,2,2,2,2,2,2,2,2,2,2,2,2,2,2,2,2,2,2,2,2,2,2,2,2,2,2,2,2,2,2,2,2,2,2,2,2,2,2,2,2,2,2,2,2,2
